23,(211,232,37,37, '4-Kojchawan')
24,(202,229,43,43, '4-Kojchawan')
25,(197,230,40,40, '10-Pongpisit')
26,(190,230,42,42, '4-Kojchawan')
27,(183,229,44,44, '4-Kojchawan')
28,(177,231,43,43, '4-Kojchawan')
29,(171,233,43,43, '4-Kojchawan')
30,(164,233,45,45, '4-Kojchawan')
31,(158,235,45,45, '4-Kojchawan')
32,(150,235,47,47, '4-Kojchawan')
33,(144,236,45,45, '4-Kojchawan')
34,(136,235,47,47, '4-Kojchawan')
35,(130,236,46,46, '4-Kojchawan')
36,(122,236,47,47, '4-Kojchawan')
37,(114,235,48,48, '4-Kojchawan')
38,(107,236,48,48, '4-Kojchawan')
39,(99,235,50,50, '4-Kojchawan')
40,(91,236,49,49, '4-Kojchawan')
41,(84,239,47,47, '4-Kojchawan')
42,(73,239,51,51, '4-Kojchawan')
43,(63,242,50,50, '4-Kojchawan')
44,(51,243,50,50, '4-Kojchawan')
45,(39,244,50,50, '4-Kojchawan')
46,(26,244,50,50, '4-Kojchawan')
47,(13,243,49,49, '4-Kojchawan')
48,(2,244,47,47, '4-Kojchawan')
348,(276,234,47,47, '4-Kojchawan')
349,(270,232,50,50, '4-Kojchawan')
350,(265,233,49,49, '4-Kojchawan')
351,(260,233,50,50, '4-Kojchawan')
352,(255,233,48,48, '10-Pongpisit')
353,(251,233,50,50, '4-Kojchawan')
354,(248,234,49,49, '10-Pongpisit')
355,(243,234,51,51, '4-Kojchawan')
356,(240,235,50,50, '4-Kojchawan')
357,(237,236,50,50, '4-Kojchawan')
358,(233,238,48,48, '4-Kojchawan')
359,(228,239,50,50, '4-Kojchawan')
360,(225,240,50,50, '4-Kojchawan')
361,(221,241,50,50, '4-Kojchawan')
362,(219,241,49,49, '10-Pongpisit')
363,(215,240,55,55, '4-Kojchawan')
364,(212,242,49,49, '4-Kojchawan')
365,(216,235,62,62, '2-Chonmapum')
380,(105,438,46,46, '4-Kojchawan')
381,(100,434,46,46, '4-Kojchawan')
385,(161,250,58,58, '10-Pongpisit')
549,(279,210,43,43, '10-Pongpisit')
550,(269,209,48,48, '10-Pongpisit')
551,(262,209,48,48, '10-Pongpisit')
552,(254,209,47,47, '10-Pongpisit')
553,(247,207,48,48, '10-Pongpisit')
554,(239,205,51,51, '10-Pongpisit')
555,(232,203,51,51, '10-Pongpisit')
556,(225,201,51,51, '10-Pongpisit')
557,(218,199,53,53, '10-Pongpisit')
558,(212,198,52,52, '4-Kojchawan')
559,(205,198,55,55, '4-Kojchawan')
560,(198,198,57,57, '10-Pongpisit')
561,(192,199,58,58, '10-Pongpisit')
562,(187,202,56,56, '4-Kojchawan')
563,(181,202,59,59, '10-Pongpisit')
564,(176,203,58,58, '4-Kojchawan')
565,(171,203,58,58, '4-Kojchawan')
566,(165,200,60,60, '4-Kojchawan')
567,(159,198,61,61, '4-Kojchawan')
568,(153,195,62,62, '4-Kojchawan')
569,(147,192,65,65, '4-Kojchawan')
570,(139,189,68,68, '4-Kojchawan')
571,(134,188,66,66, '4-Kojchawan')
572,(125,185,71,71, '4-Kojchawan')
573,(118,185,71,71, '10-Pongpisit')
574,(110,186,71,71, '4-Kojchawan')
575,(102,187,72,72, '4-Kojchawan')
576,(92,189,73,73, '4-Kojchawan')
577,(82,190,74,74, '4-Kojchawan')
578,(69,190,77,77, '4-Kojchawan')
579,(58,190,77,77, '4-Kojchawan')
580,(44,189,78,78, '4-Kojchawan')
581,(30,185,80,80, '10-Pongpisit')
582,(18,185,75,75, '4-Kojchawan')
583,(4,182,75,75, '4-Kojchawan')
667,(279,218,44,44, '4-Kojchawan')
668,(270,218,47,47, '4-Kojchawan')
669,(262,221,47,47, '4-Kojchawan')
670,(253,225,47,47, '4-Kojchawan')
671,(242,226,51,51, '10-Pongpisit')
672,(234,228,51,51, '4-Kojchawan')
673,(226,230,52,52, '4-Kojchawan')
674,(219,233,49,49, '4-Kojchawan')
675,(211,231,53,53, '4-Kojchawan')
676,(205,231,54,54, '4-Kojchawan')
677,(199,230,56,56, '4-Kojchawan')
678,(193,231,55,55, '4-Kojchawan')
679,(189,230,55,55, '4-Kojchawan')
680,(185,230,55,55, '4-Kojchawan')
681,(181,231,54,54, '4-Kojchawan')
682,(178,230,55,55, '4-Kojchawan')
683,(174,229,56,56, '4-Kojchawan')
684,(170,228,58,58, '4-Kojchawan')
685,(167,227,57,57, '4-Kojchawan')
686,(163,227,57,57, '4-Kojchawan')
687,(159,227,56,56, '4-Kojchawan')
688,(155,226,58,58, '4-Kojchawan')
689,(150,224,58,58, '4-Kojchawan')
690,(145,221,58,58, '4-Kojchawan')
691,(139,218,59,59, '4-Kojchawan')
692,(135,216,58,58, '4-Kojchawan')
693,(127,212,62,62, '4-Kojchawan')
694,(123,210,60,60, '4-Kojchawan')
695,(117,207,62,62, '4-Kojchawan')
696,(110,206,64,64, '4-Kojchawan')
697,(104,208,63,63, '4-Kojchawan')
698,(96,207,67,67, '13-Thiranat')
699,(89,210,66,66, '4-Kojchawan')
700,(80,212,66,66, '4-Kojchawan')
701,(71,213,67,67, '4-Kojchawan')
702,(60,211,71,71, '4-Kojchawan')
703,(48,210,72,72, '4-Kojchawan')
704,(36,205,76,76, '4-Kojchawan')
705,(24,205,76,76, '4-Kojchawan')
706,(13,204,75,75, '4-Kojchawan')
707,(5,205,69,69, '4-Kojchawan')
786,(284,236,36,36, '10-Pongpisit')
787,(282,236,36,36, '3-Jakrit')
789,(274,230,42,42, '1-Chakrit')
790,(273,231,39,39, '10-Pongpisit')
791,(269,228,42,42, '10-Pongpisit')
792,(267,228,41,41, '10-Pongpisit')
794,(261,227,41,41, '10-Pongpisit')
796,(252,224,44,44, '10-Pongpisit')
797,(248,226,42,42, '4-Kojchawan')
798,(244,227,43,43, '4-Kojchawan')
799,(240,227,42,42, '4-Kojchawan')
800,(234,225,47,47, '10-Pongpisit')
801,(232,229,42,42, '4-Kojchawan')
802,(225,228,46,46, '10-Pongpisit')
803,(221,230,46,46, '4-Kojchawan')
804,(216,229,47,47, '10-Pongpisit')
805,(212,231,44,44, '4-Kojchawan')
806,(206,230,47,47, '4-Kojchawan')
807,(199,225,51,51, '4-Kojchawan')
808,(193,225,52,52, '4-Kojchawan')
809,(189,225,52,52, '4-Kojchawan')
810,(186,226,50,50, '4-Kojchawan')
811,(181,225,51,51, '4-Kojchawan')
812,(177,225,52,52, '4-Kojchawan')
813,(175,224,52,52, '4-Kojchawan')
814,(172,224,52,52, '3-Jakrit')
815,(168,223,54,54, '4-Kojchawan')
816,(166,223,54,54, '3-Jakrit')
817,(162,223,55,55, '10-Pongpisit')
818,(160,225,54,54, '3-Jakrit')
819,(158,225,56,56, '3-Jakrit')
820,(154,226,58,58, '3-Jakrit')
821,(152,227,58,58, '3-Jakrit')
822,(150,228,57,57, '3-Jakrit')
823,(149,229,56,56, '3-Jakrit')
824,(146,227,59,59, '3-Jakrit')
825,(144,226,59,59, '3-Jakrit')
826,(142,223,60,60, '1-Chakrit')
827,(140,223,59,59, '1-Chakrit')
828,(134,219,63,63, '1-Chakrit')
829,(130,219,63,63, '10-Pongpisit')
830,(126,220,62,62, '10-Pongpisit')
831,(118,219,65,65, '10-Pongpisit')
832,(110,218,66,66, '10-Pongpisit')
833,(104,221,65,65, '10-Pongpisit')
834,(96,222,64,64, '3-Jakrit')
835,(88,223,64,64, '10-Pongpisit')
836,(81,227,60,60, '10-Pongpisit')
838,(56,231,65,65, '3-Jakrit')
839,(45,234,63,63, '3-Jakrit')
840,(32,235,64,64, '3-Jakrit')
917,(160,221,46,46, '4-Kojchawan')
918,(153,221,46,46, '4-Kojchawan')
920,(144,219,48,48, '4-Kojchawan')
926,(118,214,49,49, '10-Pongpisit')
927,(115,215,47,47, '4-Kojchawan')
928,(112,213,51,51, '4-Kojchawan')
929,(109,214,51,51, '4-Kojchawan')
930,(108,214,51,51, '4-Kojchawan')
932,(104,216,52,52, '4-Kojchawan')
933,(103,216,52,52, '4-Kojchawan')
934,(101,217,52,52, '4-Kojchawan')
935,(97,216,54,54, '4-Kojchawan')
936,(98,217,53,53, '4-Kojchawan')
937,(98,219,51,51, '4-Kojchawan')
938,(94,215,56,56, '4-Kojchawan')
939,(91,212,58,58, '4-Kojchawan')
940,(91,210,56,56, '4-Kojchawan')
942,(88,207,58,58, '4-Kojchawan')
943,(84,206,60,60, '4-Kojchawan')
944,(83,206,57,57, '4-Kojchawan')
945,(77,202,63,63, '4-Kojchawan')
946,(75,202,60,60, '4-Kojchawan')
947,(74,203,59,59, '4-Kojchawan')
948,(71,203,58,58, '4-Kojchawan')
949,(66,202,60,60, '4-Kojchawan')
950,(60,198,67,67, '4-Kojchawan')
952,(55,200,66,66, '4-Kojchawan')
953,(52,201,63,63, '4-Kojchawan')
954,(46,201,63,63, '4-Kojchawan')
955,(38,199,69,69, '4-Kojchawan')
956,(34,200,68,68, '4-Kojchawan')
957,(27,199,68,68, '4-Kojchawan')
958,(15,194,75,75, '4-Kojchawan')
959,(11,193,74,74, '4-Kojchawan')
960,(4,190,75,75, '4-Kojchawan')
1057,(195,228,45,45, '8-Phirawit')
1058,(190,227,47,47, '8-Phirawit')
1059,(187,227,44,44, '9-Ploypailin')
1060,(183,226,44,44, '7-Natthaporn')
1061,(180,226,45,45, '2-Chonmapum')
1062,(176,224,46,46, '2-Chonmapum')
1063,(173,225,46,46, '2-Chonmapum')
1064,(170,225,46,46, '2-Chonmapum')
1065,(167,226,45,45, '2-Chonmapum')
1066,(164,226,45,45, '2-Chonmapum')
1067,(162,226,47,47, '2-Chonmapum')
1068,(159,225,49,49, '2-Chonmapum')
1069,(156,225,50,50, '2-Chonmapum')
1070,(155,225,49,49, '2-Chonmapum')
1071,(153,223,49,49, '2-Chonmapum')
1072,(152,222,50,50, '2-Chonmapum')
1073,(150,219,51,51, '2-Chonmapum')
1074,(149,218,50,50, '2-Chonmapum')
1075,(147,216,53,53, '2-Chonmapum')
1076,(145,214,53,53, '2-Chonmapum')
1077,(143,214,54,54, '2-Chonmapum')
1078,(140,215,53,53, '2-Chonmapum')
1079,(137,213,55,55, '2-Chonmapum')
1080,(133,213,55,55, '2-Chonmapum')
1081,(130,213,55,55, '2-Chonmapum')
1082,(126,212,57,57, '2-Chonmapum')
1083,(121,210,61,61, '2-Chonmapum')
1084,(116,211,61,61, '2-Chonmapum')
1085,(111,211,63,63, '2-Chonmapum')
1086,(108,215,59,59, '2-Chonmapum')
1087,(102,214,63,63, '2-Chonmapum')
1088,(97,215,62,62, '2-Chonmapum')
1089,(93,216,60,60, '2-Chonmapum')
1090,(85,212,63,63, '2-Chonmapum')
1091,(80,209,64,64, '2-Chonmapum')
1092,(72,204,68,68, '2-Chonmapum')
1093,(67,201,70,70, '2-Chonmapum')
1094,(63,200,69,69, '2-Chonmapum')
1095,(58,198,70,70, '2-Chonmapum')
1096,(53,197,71,71, '4-Kojchawan')
1097,(47,194,76,76, '2-Chonmapum')
1098,(42,193,77,77, '2-Chonmapum')
1099,(38,193,78,78, '2-Chonmapum')
1100,(33,193,80,80, '2-Chonmapum')
1101,(29,194,81,81, '2-Chonmapum')
1102,(22,194,83,83, '2-Chonmapum')
1103,(17,194,86,86, '2-Chonmapum')
1104,(12,194,85,85, '2-Chonmapum')
1105,(7,193,85,85, '2-Chonmapum')
1106,(4,192,80,80, '3-Jakrit')
1180,(244,240,34,34, '10-Pongpisit')
1182,(234,235,43,43, '10-Pongpisit')
1183,(232,235,42,42, '10-Pongpisit')
1184,(226,233,44,44, '10-Pongpisit')
1185,(223,232,44,44, '10-Pongpisit')
1186,(220,234,40,40, '10-Pongpisit')
1187,(217,232,41,41, '10-Pongpisit')
1188,(211,232,46,46, '10-Pongpisit')
1189,(207,232,47,47, '10-Pongpisit')
1190,(206,233,45,45, '10-Pongpisit')
1191,(203,233,47,47, '10-Pongpisit')
1192,(199,231,49,49, '10-Pongpisit')
1193,(197,231,50,50, '4-Kojchawan')
1194,(196,232,47,47, '10-Pongpisit')
1195,(193,233,50,50, '4-Kojchawan')
1196,(192,235,48,48, '10-Pongpisit')
1197,(189,235,51,51, '10-Pongpisit')
1198,(189,237,49,49, '10-Pongpisit')
1199,(187,238,49,49, '10-Pongpisit')
1200,(187,238,48,48, '10-Pongpisit')
1201,(186,236,49,49, '10-Pongpisit')
1202,(184,236,49,49, '10-Pongpisit')
1203,(183,234,51,51, '4-Kojchawan')
1204,(183,235,48,48, '10-Pongpisit')
1205,(181,234,50,50, '10-Pongpisit')
1206,(179,233,51,51, '10-Pongpisit')
1207,(177,233,52,52, '4-Kojchawan')
1208,(176,233,50,50, '4-Kojchawan')
1209,(173,232,52,52, '10-Pongpisit')
1210,(171,232,52,52, '4-Kojchawan')
1211,(169,233,53,53, '4-Kojchawan')
1212,(168,234,50,50, '4-Kojchawan')
1213,(166,236,50,50, '10-Pongpisit')
1214,(162,236,52,52, '4-Kojchawan')
1215,(161,238,50,50, '4-Kojchawan')
1216,(158,239,50,50, '4-Kojchawan')
1217,(155,240,51,51, '4-Kojchawan')
1218,(150,238,53,53, '4-Kojchawan')
1219,(148,238,52,52, '4-Kojchawan')
1220,(143,236,52,52, '4-Kojchawan')
1221,(136,233,58,58, '10-Pongpisit')
1222,(134,233,54,54, '4-Kojchawan')
1223,(130,233,53,53, '4-Kojchawan')
1224,(126,233,54,54, '4-Kojchawan')
1225,(121,231,57,57, '4-Kojchawan')
1226,(118,231,58,58, '4-Kojchawan')
1227,(114,231,59,59, '4-Kojchawan')
1228,(112,230,58,58, '4-Kojchawan')
1229,(110,229,59,59, '4-Kojchawan')
1230,(107,228,59,59, '4-Kojchawan')
1231,(106,229,58,58, '4-Kojchawan')
1232,(101,228,62,62, '4-Kojchawan')
1233,(99,229,63,63, '4-Kojchawan')
1234,(96,231,63,63, '4-Kojchawan')
1235,(94,232,66,66, '4-Kojchawan')
1236,(92,235,64,64, '4-Kojchawan')
1237,(90,234,66,66, '4-Kojchawan')
1238,(88,234,67,67, '4-Kojchawan')
1239,(86,234,65,65, '4-Kojchawan')
1240,(84,232,64,64, '4-Kojchawan')
1241,(79,229,67,67, '4-Kojchawan')
1242,(76,229,64,64, '4-Kojchawan')
1243,(68,224,71,71, '4-Kojchawan')
1244,(62,227,70,70, '4-Kojchawan')
1245,(56,230,68,68, '4-Kojchawan')
1246,(48,228,71,71, '4-Kojchawan')
1247,(44,230,68,68, '4-Kojchawan')
1248,(37,231,66,66, '3-Jakrit')
1249,(28,227,70,70, '4-Kojchawan')
1250,(22,234,61,61, '3-Jakrit')
1331,(194,282,48,48, '4-Kojchawan')
1332,(191,282,46,46, '4-Kojchawan')
1333,(186,280,47,47, '4-Kojchawan')
1334,(181,279,48,48, '10-Pongpisit')
1335,(178,279,47,47, '4-Kojchawan')
1336,(173,279,47,47, '4-Kojchawan')
1337,(166,278,50,50, '13-Thiranat')
1338,(161,278,51,51, '13-Thiranat')
1339,(155,280,51,51, '13-Thiranat')
1340,(147,279,56,56, '4-Kojchawan')
1341,(142,281,53,53, '4-Kojchawan')
1342,(134,282,57,57, '4-Kojchawan')
1343,(128,282,58,58, '13-Thiranat')
1344,(122,284,56,56, '4-Kojchawan')
1345,(114,283,58,58, '13-Thiranat')
1346,(106,283,60,60, '13-Thiranat')
1347,(99,282,59,59, '13-Thiranat')
1348,(92,281,58,58, '13-Thiranat')
1349,(85,277,62,62, '13-Thiranat')
1350,(78,277,60,60, '13-Thiranat')
1351,(72,277,61,61, '13-Thiranat')
1352,(65,276,61,61, '13-Thiranat')
1353,(58,276,65,65, '4-Kojchawan')
1354,(50,275,67,67, '4-Kojchawan')
1355,(45,278,65,65, '4-Kojchawan')
1356,(38,279,67,67, '4-Kojchawan')
1357,(30,279,69,69, '13-Thiranat')
1359,(18,287,66,66, '13-Thiranat')
1360,(13,290,66,66, '4-Kojchawan')
1434,(281,279,42,42, '4-Kojchawan')
1435,(276,280,44,44, '4-Kojchawan')
1436,(270,280,46,46, '4-Kojchawan')
1437,(265,281,46,46, '4-Kojchawan')
1438,(261,283,45,45, '4-Kojchawan')
1439,(255,284,45,45, '4-Kojchawan')
1440,(249,284,47,47, '4-Kojchawan')
1441,(244,284,47,47, '4-Kojchawan')
1442,(237,283,48,48, '4-Kojchawan')
1443,(231,283,49,49, '4-Kojchawan')
1444,(225,282,49,49, '10-Pongpisit')
1445,(220,281,49,49, '10-Pongpisit')
1446,(214,279,51,51, '4-Kojchawan')
1447,(210,279,50,50, '4-Kojchawan')
1448,(204,279,51,51, '4-Kojchawan')
1449,(200,279,51,51, '4-Kojchawan')
1450,(194,279,52,52, '4-Kojchawan')
1451,(189,280,53,53, '4-Kojchawan')
1452,(184,281,53,53, '4-Kojchawan')
1453,(178,282,54,54, '4-Kojchawan')
1454,(173,283,53,53, '4-Kojchawan')
1455,(167,283,55,55, '4-Kojchawan')
1456,(163,284,55,55, '4-Kojchawan')
1457,(158,283,55,55, '4-Kojchawan')
1458,(153,283,56,56, '4-Kojchawan')
1459,(147,282,59,59, '4-Kojchawan')
1460,(142,282,58,58, '4-Kojchawan')
1461,(136,281,60,60, '4-Kojchawan')
1462,(130,281,61,61, '4-Kojchawan')
1463,(124,281,61,61, '4-Kojchawan')
1464,(118,282,62,62, '4-Kojchawan')
1465,(111,282,64,64, '4-Kojchawan')
1466,(104,283,64,64, '4-Kojchawan')
1467,(98,287,64,64, '4-Kojchawan')
1468,(90,289,66,66, '4-Kojchawan')
1469,(81,289,68,68, '4-Kojchawan')
1470,(73,290,70,70, '4-Kojchawan')
1471,(64,290,71,71, '4-Kojchawan')
1472,(55,288,73,73, '4-Kojchawan')
1473,(45,287,73,73, '4-Kojchawan')
1474,(33,286,76,76, '4-Kojchawan')
1475,(24,287,76,76, '4-Kojchawan')
1476,(12,288,78,78, '4-Kojchawan')
1477,(4,290,75,75, '4-Kojchawan')
1523,(286,234,36,36, '3-Jakrit')
1524,(281,234,37,37, '10-Pongpisit')
1525,(277,233,39,39, '10-Pongpisit')
1526,(274,233,40,40, '10-Pongpisit')
1527,(271,232,41,41, '10-Pongpisit')
1528,(266,230,43,43, '10-Pongpisit')
1529,(263,230,44,44, '10-Pongpisit')
1530,(259,229,44,44, '10-Pongpisit')
1531,(256,228,44,44, '10-Pongpisit')
1532,(252,226,45,45, '10-Pongpisit')
1533,(248,225,46,46, '10-Pongpisit')
1534,(245,226,45,45, '10-Pongpisit')
1535,(241,226,46,46, '10-Pongpisit')
1536,(236,226,47,47, '10-Pongpisit')
1537,(231,227,47,47, '10-Pongpisit')
1538,(226,228,47,47, '10-Pongpisit')
1539,(221,230,47,47, '10-Pongpisit')
1540,(215,231,49,49, '10-Pongpisit')
1541,(209,231,50,50, '10-Pongpisit')
1542,(204,233,48,48, '10-Pongpisit')
1543,(196,232,50,50, '10-Pongpisit')
1544,(190,230,51,51, '10-Pongpisit')
1545,(186,230,50,50, '10-Pongpisit')
1546,(180,229,51,51, '10-Pongpisit')
1547,(175,227,51,51, '10-Pongpisit')
1548,(172,227,51,51, '13-Thiranat')
1549,(167,227,52,52, '4-Kojchawan')
1550,(164,227,51,51, '13-Thiranat')
1551,(160,227,52,52, '4-Kojchawan')
1552,(157,227,52,52, '4-Kojchawan')
1553,(153,228,53,53, '4-Kojchawan')
1554,(150,229,53,53, '4-Kojchawan')
1555,(147,229,54,54, '4-Kojchawan')
1556,(145,231,53,53, '4-Kojchawan')
1557,(142,231,54,54, '4-Kojchawan')
1558,(140,232,55,55, '4-Kojchawan')
1559,(138,232,54,54, '4-Kojchawan')
1560,(136,232,56,56, '4-Kojchawan')
1561,(135,231,55,55, '4-Kojchawan')
1562,(132,229,57,57, '4-Kojchawan')
1563,(130,227,58,58, '4-Kojchawan')
1564,(129,226,58,58, '4-Kojchawan')
1565,(126,224,59,59, '4-Kojchawan')
1566,(123,223,59,59, '4-Kojchawan')
1567,(120,222,60,60, '4-Kojchawan')
1568,(116,221,60,60, '4-Kojchawan')
1569,(113,221,61,61, '4-Kojchawan')
1570,(108,220,62,62, '4-Kojchawan')
1571,(105,221,62,62, '4-Kojchawan')
1572,(100,221,62,62, '4-Kojchawan')
1573,(95,221,64,64, '4-Kojchawan')
1574,(89,223,65,65, '4-Kojchawan')
1575,(83,224,65,65, '4-Kojchawan')
1576,(77,225,65,65, '4-Kojchawan')
1577,(67,224,70,70, '4-Kojchawan')
1578,(59,225,69,69, '4-Kojchawan')
1579,(50,224,69,69, '4-Kojchawan')
1580,(40,221,73,73, '4-Kojchawan')
1581,(31,218,73,73, '4-Kojchawan')
1582,(21,214,75,75, '4-Kojchawan')
1583,(13,212,73,73, '4-Kojchawan')
1584,(7,211,72,72, '4-Kojchawan')
1585,(3,215,62,62, '4-Kojchawan')
1611,(268,244,36,36, '10-Pongpisit')
1613,(256,245,39,39, '10-Pongpisit')
1614,(251,247,35,35, '10-Pongpisit')
1615,(244,246,39,39, '10-Pongpisit')
1616,(240,250,37,37, '10-Pongpisit')
1617,(230,247,44,44, '10-Pongpisit')
1618,(225,250,43,43, '10-Pongpisit')
1619,(219,249,44,44, '10-Pongpisit')
1620,(214,247,45,45, '10-Pongpisit')
1621,(209,247,41,41, '14-Tuttep')
1622,(203,246,44,44, '10-Pongpisit')
1623,(196,243,46,46, '10-Pongpisit')
1624,(191,243,47,47, '10-Pongpisit')
1625,(184,242,47,47, '10-Pongpisit')
1626,(178,242,47,47, '10-Pongpisit')
1627,(172,242,46,46, '10-Pongpisit')
1628,(165,242,47,47, '10-Pongpisit')
1629,(160,245,46,46, '4-Kojchawan')
1630,(153,246,46,46, '4-Kojchawan')
1631,(145,247,48,48, '10-Pongpisit')
1632,(138,249,48,48, '10-Pongpisit')
1633,(131,249,49,49, '10-Pongpisit')
1634,(123,247,50,50, '4-Kojchawan')
1635,(117,245,49,49, '10-Pongpisit')
1636,(108,242,52,52, '4-Kojchawan')
1637,(101,239,52,52, '4-Kojchawan')
1638,(94,237,52,52, '4-Kojchawan')
1639,(87,235,53,53, '4-Kojchawan')
1640,(80,234,52,52, '4-Kojchawan')
1641,(73,234,52,52, '4-Kojchawan')
1642,(66,235,54,54, '4-Kojchawan')
1643,(58,235,56,56, '4-Kojchawan')
1644,(52,239,54,54, '4-Kojchawan')
1645,(43,240,56,56, '4-Kojchawan')
1646,(35,242,55,55, '10-Pongpisit')
1647,(27,244,55,55, '10-Pongpisit')
1648,(18,244,58,58, '4-Kojchawan')
1649,(11,246,55,55, '10-Pongpisit')
1650,(4,245,53,53, '4-Kojchawan')
1651,(0,245,47,47, '3-Jakrit')
1699,(282,252,39,39, '10-Pongpisit')
1700,(275,251,41,41, '10-Pongpisit')
1701,(268,252,42,42, '10-Pongpisit')
1702,(261,252,42,42, '10-Pongpisit')
1703,(254,251,43,43, '10-Pongpisit')
1704,(246,250,43,43, '10-Pongpisit')
1705,(238,249,44,44, '10-Pongpisit')
1706,(231,248,43,43, '10-Pongpisit')
1707,(224,247,45,45, '10-Pongpisit')
1708,(219,247,44,44, '10-Pongpisit')
1709,(212,246,46,46, '10-Pongpisit')
1710,(208,246,46,46, '10-Pongpisit')
1711,(203,246,45,45, '10-Pongpisit')
1712,(196,245,50,50, '10-Pongpisit')
1713,(191,245,50,50, '10-Pongpisit')
1714,(187,245,51,51, '10-Pongpisit')
1715,(184,246,50,50, '10-Pongpisit')
1716,(179,247,51,51, '4-Kojchawan')
1717,(176,248,51,51, '4-Kojchawan')
1718,(172,247,52,52, '4-Kojchawan')
1719,(168,248,53,53, '4-Kojchawan')
1720,(165,248,51,51, '4-Kojchawan')
1721,(162,248,51,51, '4-Kojchawan')
1722,(157,245,53,53, '4-Kojchawan')
1723,(155,244,52,52, '4-Kojchawan')
1724,(149,241,55,55, '4-Kojchawan')
1725,(145,239,55,55, '4-Kojchawan')
1726,(141,239,55,55, '4-Kojchawan')
1727,(137,239,55,55, '4-Kojchawan')
1728,(132,238,57,57, '10-Pongpisit')
1729,(128,240,55,55, '10-Pongpisit')
1730,(122,240,60,60, '10-Pongpisit')
1731,(117,240,61,61, '10-Pongpisit')
1732,(113,241,59,59, '4-Kojchawan')
1733,(105,240,61,61, '4-Kojchawan')
1734,(98,240,61,61, '4-Kojchawan')
1735,(91,240,62,62, '4-Kojchawan')
1736,(82,239,63,63, '4-Kojchawan')
1737,(75,238,63,63, '4-Kojchawan')
1738,(67,237,66,66, '10-Pongpisit')
1739,(60,235,68,68, '4-Kojchawan')
1740,(53,233,70,70, '4-Kojchawan')
1741,(46,232,71,71, '13-Thiranat')
1742,(40,230,74,74, '10-Pongpisit')
1743,(34,229,76,76, '10-Pongpisit')
1744,(30,231,72,72, '4-Kojchawan')
1745,(22,233,75,75, '4-Kojchawan')
1746,(17,235,73,73, '10-Pongpisit')
1747,(8,239,73,73, '10-Pongpisit')
1748,(4,243,70,70, '4-Kojchawan')
1749,(1,248,64,64, '3-Jakrit')
1764,(1,242,28,28, '2-Chonmapum')
1765,(4,241,29,29, '13-Thiranat')
1766,(6,240,32,32, '14-Tuttep')
1767,(9,240,34,34, '2-Chonmapum')
1768,(15,242,29,29, '2-Chonmapum')
1769,(18,241,33,33, '14-Tuttep')
1770,(21,241,34,34, '2-Chonmapum')
1771,(26,242,32,32, '14-Tuttep')
1772,(34,243,28,28, '2-Chonmapum')
1773,(36,241,32,32, '14-Tuttep')
1774,(41,241,32,32, '14-Tuttep')
1775,(48,241,31,31, '14-Tuttep')
1776,(53,240,31,31, '14-Tuttep')
1777,(57,239,33,33, '2-Chonmapum')
1783,(79,237,33,33, '14-Tuttep')
1784,(83,236,33,33, '10-Pongpisit')
1785,(85,237,33,33, '14-Tuttep')
1787,(88,236,35,35, '2-Chonmapum')
1789,(92,237,36,36, '2-Chonmapum')
1790,(94,237,37,37, '4-Kojchawan')
1791,(100,239,29,29, '2-Chonmapum'),(91,234,44,44, '8-Phirawit')
1792,(98,236,37,37, '4-Kojchawan')
1793,(99,234,39,39, '4-Kojchawan')
1794,(101,233,41,41, '2-Chonmapum')
1795,(104,233,39,39, '10-Pongpisit')
1796,(107,233,40,40, '10-Pongpisit')
1797,(109,233,39,39, '10-Pongpisit')
1798,(112,232,39,39, '10-Pongpisit')
1799,(116,233,39,39, '4-Kojchawan')
1800,(118,232,41,41, '10-Pongpisit')
1801,(120,231,43,43, '8-Phirawit')
1802,(123,232,43,43, '2-Chonmapum')
1803,(128,232,42,42, '2-Chonmapum')
1804,(132,233,42,42, '8-Phirawit')
1805,(135,232,43,43, '8-Phirawit')
1806,(138,231,44,44, '2-Chonmapum')
1807,(142,231,43,43, '8-Phirawit')
1808,(145,230,42,42, '4-Kojchawan')
1809,(146,229,43,43, '2-Chonmapum')
1810,(147,228,44,44, '10-Pongpisit')
1811,(148,227,46,46, '2-Chonmapum')
1812,(149,227,44,44, '2-Chonmapum')
1813,(150,226,45,45, '2-Chonmapum')
1814,(149,225,46,46, '4-Kojchawan')
1815,(149,225,46,46, '4-Kojchawan')
1816,(149,226,44,44, '4-Kojchawan')
1817,(146,225,47,47, '4-Kojchawan')
1818,(146,226,47,47, '4-Kojchawan')
1819,(144,226,48,48, '4-Kojchawan')
1820,(142,227,46,46, '4-Kojchawan')
1821,(139,227,47,47, '8-Phirawit')
1822,(136,225,49,49, '10-Pongpisit')
1823,(134,225,48,48, '4-Kojchawan')
1824,(132,224,46,46, '4-Kojchawan')
1825,(130,223,46,46, '4-Kojchawan')
1826,(127,222,49,49, '4-Kojchawan')
1827,(124,222,49,49, '10-Pongpisit')
1828,(122,222,48,48, '4-Kojchawan')
1829,(118,221,49,49, '10-Pongpisit')
1830,(114,220,50,50, '2-Chonmapum')
1831,(111,221,50,50, '4-Kojchawan')
1832,(107,220,50,50, '2-Chonmapum')
1833,(101,220,54,54, '4-Kojchawan')
1834,(97,220,55,55, '4-Kojchawan')
1835,(94,221,51,51, '4-Kojchawan')
1836,(88,220,53,53, '4-Kojchawan')
1837,(84,220,52,52, '4-Kojchawan')
1838,(77,219,54,54, '4-Kojchawan')
1839,(70,217,55,55, '4-Kojchawan')
1840,(63,215,55,55, '8-Phirawit')
1841,(57,215,52,52, '8-Phirawit')
1842,(47,213,54,54, '8-Phirawit')
1843,(38,212,55,55, '7-Natthaporn')
1844,(28,212,57,57, '7-Natthaporn')
1845,(18,213,56,56, '12-Supanut')
1846,(6,213,56,56, '7-Natthaporn')
1915,(283,220,39,39, '10-Pongpisit')
1916,(275,218,46,46, '10-Pongpisit')
1917,(269,218,44,44, '7-Natthaporn')
1918,(263,218,44,44, '7-Natthaporn')
1919,(256,217,45,45, '7-Natthaporn')
1920,(250,216,45,45, '7-Natthaporn')
1921,(243,214,45,45, '10-Pongpisit')
1922,(237,212,46,46, '10-Pongpisit')
1923,(231,212,45,45, '4-Kojchawan')
1924,(223,211,47,47, '10-Pongpisit')
1925,(218,211,46,46, '10-Pongpisit')
1926,(211,211,46,46, '10-Pongpisit')
1927,(205,212,46,46, '10-Pongpisit')
1928,(199,213,47,47, '10-Pongpisit')
1929,(193,214,48,48, '10-Pongpisit')
1930,(188,215,47,47, '13-Thiranat')
1931,(181,216,47,47, '7-Natthaporn')
1932,(175,215,48,48, '10-Pongpisit')
1933,(169,214,49,49, '13-Thiranat')
1934,(163,214,49,49, '13-Thiranat')
1935,(157,214,49,49, '13-Thiranat')
1936,(151,215,49,49, '13-Thiranat')
1937,(144,214,49,49, '13-Thiranat')
1938,(137,214,49,49, '13-Thiranat')
1939,(129,212,50,50, '7-Natthaporn')
1940,(123,213,50,50, '7-Natthaporn')
1941,(116,214,51,51, '7-Natthaporn')
1942,(110,215,50,50, '7-Natthaporn')
1943,(102,215,53,53, '7-Natthaporn')
1944,(96,217,51,51, '7-Natthaporn')
1945,(89,217,53,53, '7-Natthaporn')
1946,(81,218,55,55, '7-Natthaporn')
1947,(74,217,55,55, '13-Thiranat')
1948,(68,216,55,55, '13-Thiranat')
1949,(61,215,54,54, '13-Thiranat')
1950,(53,213,57,57, '13-Thiranat')
1951,(46,212,58,58, '7-Natthaporn')
1952,(38,211,58,58, '7-Natthaporn')
1953,(29,210,59,59, '7-Natthaporn')
1954,(20,210,60,60, '7-Natthaporn')
1955,(11,210,60,60, '7-Natthaporn')
1956,(3,211,58,58, '7-Natthaporn')
2026,(273,199,42,42, '4-Kojchawan')
2028,(263,200,41,41, '0-Jiradej')
2029,(257,201,41,41, '11-Roongpetch')
2030,(251,200,43,43, '4-Kojchawan')
2031,(247,202,42,42, '9-Ploypailin')
2032,(239,201,44,44, '1-Chakrit')
2033,(232,202,45,45, '10-Pongpisit')
2034,(226,203,44,44, '10-Pongpisit')
2035,(220,204,45,45, '10-Pongpisit')
2036,(213,205,45,45, '4-Kojchawan')
2037,(206,205,45,45, '14-Tuttep')
2038,(199,205,45,45, '14-Tuttep')
2039,(189,204,47,47, '10-Pongpisit')
2040,(181,202,48,48, '4-Kojchawan')
2041,(173,202,46,46, '4-Kojchawan')
2042,(166,200,48,48, '4-Kojchawan')
2043,(159,200,49,49, '4-Kojchawan')
2044,(153,199,49,49, '4-Kojchawan')
2045,(147,199,49,49, '4-Kojchawan')
2046,(143,199,50,50, '4-Kojchawan')
2047,(138,199,50,50, '4-Kojchawan')
2048,(132,200,50,50, '4-Kojchawan')
2049,(127,201,50,50, '4-Kojchawan')
2050,(123,202,51,51, '4-Kojchawan')
2051,(119,202,52,52, '4-Kojchawan')
2052,(114,203,53,53, '4-Kojchawan')
2053,(110,203,53,53, '4-Kojchawan')
2054,(108,203,53,53, '4-Kojchawan')
2055,(104,202,53,53, '4-Kojchawan')
2056,(100,199,55,55, '4-Kojchawan')
2057,(95,198,57,57, '4-Kojchawan')
2058,(91,197,58,58, '4-Kojchawan')
2059,(87,196,59,59, '4-Kojchawan')
2060,(83,198,58,58, '4-Kojchawan')
2061,(77,197,61,61, '4-Kojchawan')
2062,(73,197,61,61, '4-Kojchawan')
2063,(68,198,61,61, '4-Kojchawan')
2064,(63,197,62,62, '4-Kojchawan')
2065,(57,197,63,63, '4-Kojchawan')
2066,(51,198,62,62, '4-Kojchawan')
2067,(45,199,63,63, '4-Kojchawan')
2068,(37,198,64,64, '4-Kojchawan')
2069,(28,198,65,65, '4-Kojchawan')
2070,(17,196,69,69, '4-Kojchawan')
2071,(8,194,69,69, '4-Kojchawan')
2072,(1,196,62,62, '4-Kojchawan')
