1,(5,147,42,42, '14-Tuttep')
2,(6,144,45,45, '14-Tuttep')
3,(8,144,46,46, '14-Tuttep')
4,(9,142,49,49, '14-Tuttep')
5,(14,145,47,47, '14-Tuttep')
6,(15,144,52,52, '14-Tuttep')
7,(18,144,53,53, '14-Tuttep')
8,(21,144,53,53, '14-Tuttep')
9,(24,144,53,53, '14-Tuttep')
10,(26,142,54,54, '14-Tuttep')
11,(28,142,54,54, '14-Tuttep')
12,(31,140,53,53, '14-Tuttep')
13,(33,139,55,55, '14-Tuttep')
14,(36,139,53,53, '14-Tuttep')
15,(38,139,53,53, '14-Tuttep')
16,(41,140,54,54, '14-Tuttep')
17,(43,141,55,55, '14-Tuttep')
18,(46,142,56,56, '14-Tuttep')
19,(48,143,57,57, '14-Tuttep')
20,(52,143,57,57, '14-Tuttep')
21,(56,143,57,57, '14-Tuttep')
22,(61,143,57,57, '14-Tuttep')
23,(66,142,58,58, '14-Tuttep')
24,(73,141,57,57, '14-Tuttep')
25,(80,140,55,55, '14-Tuttep')
26,(87,140,54,54, '14-Tuttep')
27,(91,139,56,56, '14-Tuttep')
28,(97,139,57,57, '14-Tuttep')
29,(103,141,56,56, '14-Tuttep')
30,(111,142,56,56, '14-Tuttep')
31,(117,142,58,58, '14-Tuttep')
32,(124,143,59,59, '14-Tuttep')
33,(133,144,57,57, '14-Tuttep')
34,(141,145,56,56, '14-Tuttep')
35,(148,146,56,56, '14-Tuttep')
36,(158,146,54,54, '14-Tuttep')
37,(167,146,54,54, '14-Tuttep')
38,(173,144,56,56, '14-Tuttep')
39,(185,145,54,54, '14-Tuttep')
151,(2,152,58,58, '11-Roongpetch')
152,(5,151,63,63, '11-Roongpetch')
153,(8,152,66,66, '11-Roongpetch')
154,(14,152,69,69, '11-Roongpetch')
155,(18,151,73,73, '11-Roongpetch')
156,(24,149,74,74, '11-Roongpetch')
157,(31,147,75,75, '11-Roongpetch')
158,(40,144,75,75, '11-Roongpetch')
159,(47,143,74,74, '11-Roongpetch')
160,(54,139,77,77, '11-Roongpetch')
161,(61,135,79,79, '11-Roongpetch')
162,(69,134,78,78, '11-Roongpetch')
163,(76,132,81,81, '11-Roongpetch')
164,(86,131,82,82, '11-Roongpetch')
165,(97,132,81,81, '11-Roongpetch')
166,(107,133,82,82, '11-Roongpetch')
167,(123,137,78,78, '11-Roongpetch')
168,(138,139,79,79, '11-Roongpetch')
169,(145,138,86,86, '11-Roongpetch')
368,(2,168,48,48, '5-Nattapong')
369,(7,164,52,52, '5-Nattapong')
370,(15,165,49,49, '5-Nattapong')
371,(22,164,50,50, '5-Nattapong')
372,(28,165,50,50, '5-Nattapong')
373,(34,165,50,50, '5-Nattapong')
374,(39,164,53,53, '5-Nattapong')
375,(43,165,53,53, '5-Nattapong')
376,(48,165,54,54, '5-Nattapong')
377,(52,166,54,54, '5-Nattapong')
378,(56,169,50,50, '5-Nattapong')
379,(61,169,48,48, '5-Nattapong')
380,(62,169,50,50, '5-Nattapong')
381,(66,170,49,49, '5-Nattapong')
382,(68,171,51,51, '5-Nattapong')
383,(69,170,53,53, '5-Nattapong')
384,(73,172,51,51, '5-Nattapong')
385,(74,172,52,52, '5-Nattapong')
386,(77,172,52,52, '5-Nattapong')
387,(79,173,52,52, '5-Nattapong')
388,(81,172,54,54, '5-Nattapong')
389,(84,171,56,56, '5-Nattapong')
390,(86,169,56,56, '5-Nattapong')
391,(89,169,55,55, '5-Nattapong')
392,(92,167,55,55, '5-Nattapong')
393,(94,166,56,56, '5-Nattapong')
394,(98,165,55,55, '5-Nattapong')
395,(102,165,54,54, '5-Nattapong')
396,(105,163,56,56, '5-Nattapong')
397,(107,162,58,58, '5-Nattapong')
398,(112,163,57,57, '5-Nattapong')
399,(117,164,56,56, '5-Nattapong')
400,(122,165,56,56, '5-Nattapong')
401,(128,167,53,53, '5-Nattapong')
402,(133,168,53,53, '5-Nattapong')
403,(138,170,57,57, '5-Nattapong')
404,(144,172,58,58, '5-Nattapong')
405,(151,174,58,58, '5-Nattapong')
406,(159,179,55,55, '5-Nattapong')
409,(186,186,56,56, '5-Nattapong')
411,(204,188,59,59, '5-Nattapong')
415,(238,181,61,61, '5-Nattapong')
416,(245,181,59,59, '5-Nattapong')
499,(2,170,50,50, '1-Chakrit')
500,(5,170,49,49, '1-Chakrit')
501,(12,170,49,49, '1-Chakrit')
502,(16,169,49,49, '1-Chakrit')
503,(20,166,53,53, '1-Chakrit')
504,(24,162,56,56, '1-Chakrit')
505,(30,163,54,54, '1-Chakrit')
506,(34,162,54,54, '1-Chakrit')
507,(39,161,54,54, '1-Chakrit')
508,(43,161,54,54, '1-Chakrit')
509,(48,161,54,54, '1-Chakrit')
510,(52,161,54,54, '1-Chakrit')
511,(55,159,58,58, '1-Chakrit')
512,(61,161,55,55, '1-Chakrit')
513,(66,163,54,54, '1-Chakrit')
514,(70,162,57,57, '1-Chakrit')
515,(75,165,55,55, '1-Chakrit')
516,(81,165,58,58, '1-Chakrit')
517,(85,166,59,59, '1-Chakrit')
518,(89,165,60,60, '1-Chakrit')
519,(93,168,59,59, '1-Chakrit')
520,(99,168,58,58, '1-Chakrit')
521,(104,166,58,58, '1-Chakrit')
561,(0,156,46,46, '12-Supanut')
562,(2,156,50,50, '12-Supanut')
563,(3,155,54,54, '12-Supanut')
564,(5,155,55,55, '12-Supanut')
565,(7,155,58,58, '12-Supanut')
566,(8,156,59,59, '12-Supanut')
567,(10,156,60,60, '12-Supanut')
568,(13,155,60,60, '12-Supanut')
569,(15,153,61,61, '12-Supanut')
570,(17,150,62,62, '12-Supanut')
571,(19,149,62,62, '12-Supanut')
572,(22,147,63,63, '12-Supanut')
573,(26,147,62,62, '12-Supanut')
574,(30,145,62,62, '12-Supanut')
575,(33,144,62,62, '12-Supanut')
576,(37,143,63,63, '12-Supanut')
577,(41,143,64,64, '12-Supanut')
578,(46,143,65,65, '12-Supanut')
579,(50,143,66,66, '12-Supanut')
580,(55,144,66,66, '12-Supanut')
581,(60,143,68,68, '12-Supanut')
582,(67,146,67,67, '12-Supanut')
583,(73,147,68,68, '12-Supanut')
584,(81,150,66,66, '12-Supanut')
585,(87,149,70,70, '12-Supanut')
586,(94,149,70,70, '12-Supanut')
587,(103,148,70,70, '12-Supanut')
588,(111,145,71,71, '12-Supanut')
589,(117,141,75,75, '12-Supanut')
590,(123,137,77,77, '12-Supanut')
591,(130,134,78,78, '12-Supanut')
592,(135,132,79,79, '12-Supanut')
593,(141,130,80,80, '12-Supanut')
594,(146,128,83,83, '12-Supanut')
595,(152,127,84,84, '12-Supanut')
596,(158,128,84,84, '12-Supanut')
597,(164,129,85,85, '12-Supanut')
598,(171,130,88,88, '12-Supanut')
599,(175,131,92,92, '12-Supanut')
600,(182,134,94,94, '12-Supanut')
601,(192,139,90,90, '12-Supanut')
602,(200,140,91,91, '12-Supanut')
603,(208,142,91,91, '12-Supanut')
604,(216,142,90,90, '12-Supanut')
605,(224,140,90,90, '12-Supanut')
606,(230,138,89,89, '12-Supanut')
607,(209,121,109,109, '12-Supanut')
631,(16,221,28,28, '15-Warissara')
632,(22,221,28,28, '15-Warissara'),(78,181,44,44, '2-Chonmapum')
633,(27,221,27,27, '15-Warissara'),(84,182,45,45, '2-Chonmapum')
634,(29,222,28,28, '15-Warissara')
635,(31,222,29,29, '15-Warissara')
636,(31,223,29,29, '15-Warissara')
637,(31,222,29,29, '15-Warissara')
638,(30,221,30,30, '15-Warissara'),(102,182,50,50, '2-Chonmapum')
639,(30,221,30,30, '15-Warissara'),(107,180,49,49, '2-Chonmapum')
640,(28,221,30,30, '15-Warissara'),(108,177,51,51, '2-Chonmapum')
641,(26,221,29,29, '15-Warissara'),(110,176,50,50, '2-Chonmapum')
642,(24,221,29,29, '15-Warissara')
643,(21,221,30,30, '15-Warissara'),(113,173,51,51, '2-Chonmapum')
644,(18,221,30,30, '15-Warissara')
645,(16,221,29,29, '15-Warissara')
646,(13,221,30,30, '15-Warissara')
647,(8,218,30,30, '15-Warissara')
648,(4,215,31,31, '15-Warissara'),(111,165,51,51, '2-Chonmapum')
649,(2,215,30,30, '15-Warissara'),(108,162,53,53, '2-Chonmapum')
650,(1,215,28,28, '15-Warissara'),(108,163,53,53, '2-Chonmapum')
651,(1,216,27,27, '15-Warissara'),(107,162,54,54, '2-Chonmapum')
652,(0,215,27,27, '15-Warissara'),(106,161,55,55, '2-Chonmapum')
654,(107,159,55,55, '2-Chonmapum')
655,(108,158,55,55, '2-Chonmapum')
661,(100,153,67,67, '2-Chonmapum')
683,(213,125,86,86, '2-Chonmapum')
731,(2,225,52,52, '15-Warissara')
732,(3,224,54,54, '15-Warissara')
733,(4,226,57,57, '15-Warissara')
734,(6,227,59,59, '15-Warissara')
735,(9,228,61,61, '15-Warissara')
736,(12,229,64,64, '15-Warissara')
737,(17,229,65,65, '15-Warissara')
738,(23,228,64,64, '15-Warissara')
739,(28,226,65,65, '15-Warissara')
740,(33,225,66,66, '15-Warissara')
741,(38,224,67,67, '15-Warissara')
742,(43,223,68,68, '15-Warissara')
743,(46,221,70,70, '15-Warissara')
744,(52,220,70,70, '15-Warissara')
745,(56,220,72,72, '15-Warissara')
746,(61,220,73,73, '15-Warissara')
747,(67,222,72,72, '15-Warissara')
748,(73,222,74,74, '15-Warissara')
749,(79,223,74,74, '15-Warissara')
750,(86,227,73,73, '15-Warissara')
751,(93,229,72,72, '15-Warissara')
752,(99,231,75,75, '15-Warissara')
753,(106,233,74,74, '15-Warissara')
754,(111,234,76,76, '15-Warissara')
755,(119,235,77,77, '15-Warissara')
756,(124,235,80,80, '15-Warissara')
757,(131,234,81,81, '15-Warissara')
758,(140,235,79,79, '15-Warissara')
759,(146,232,83,83, '15-Warissara')
821,(23,235,55,55, '13-Thiranat')
822,(34,238,53,53, '13-Thiranat')
823,(39,236,60,60, '13-Thiranat')
824,(47,234,62,62, '13-Thiranat')
825,(55,235,61,61, '13-Thiranat')
826,(64,232,64,64, '13-Thiranat')
827,(72,233,61,61, '13-Thiranat')
978,(4,167,72,72, '3-Jakrit')
979,(15,170,68,68, '3-Jakrit')
980,(23,167,74,74, '3-Jakrit')
981,(34,167,72,72, '3-Jakrit')
982,(46,166,71,71, '3-Jakrit')
983,(61,165,72,72, '3-Jakrit')
984,(71,163,72,72, '3-Jakrit')
985,(76,159,77,77, '3-Jakrit')
986,(85,157,78,78, '3-Jakrit')
1019,(1,222,46,46, '4-Kojchawan')
1020,(4,223,49,49, '4-Kojchawan')
1021,(10,225,50,50, '4-Kojchawan')
1022,(15,226,51,51, '4-Kojchawan')
1023,(22,228,52,52, '4-Kojchawan')
1024,(27,228,53,53, '4-Kojchawan')
1025,(33,228,53,53, '4-Kojchawan')
1026,(40,228,53,53, '4-Kojchawan')
1027,(45,228,52,52, '4-Kojchawan')
1028,(49,226,55,55, '4-Kojchawan')
1029,(58,226,56,56, '4-Kojchawan')
1030,(65,228,55,55, '4-Kojchawan')
1031,(72,230,54,54, '4-Kojchawan')
